3.102600000000002467e+00
3.023899999999999366e+00
2.923900000000000610e+00
2.655600000000001515e+00
2.326599999999999113e+00
2.511600000000000055e+00
2.296999999999999709e+00
2.798599999999999532e+00
1.919899999999999496e+00
1.783100000000000129e+00
2.500799999999999468e+00
2.475300000000000722e+00
2.606099999999998751e+00
2.264599999999999724e+00
2.262500000000000178e+00
2.616600000000000925e+00
2.983200000000000074e+00
2.818400000000001349e+00
2.272700000000000387e+00
2.385000000000000231e+00
2.323800000000000754e+00
1.803900000000000281e+00
2.484099999999999753e+00
3.126299999999999635e+00
1.955999999999998851e+00
1.572300000000000919e+00
1.726900000000000102e+00
2.058400000000001118e+00
2.322100000000001163e+00
2.720200000000000617e+00
2.185099999999999376e+00
2.358200000000000074e+00
2.009100000000000996e+00
2.131400000000000183e+00
2.377599999999999714e+00
1.707300000000001372e+00
2.846499999999998920e+00
2.987600000000000477e+00
2.232799999999999230e+00
2.795299999999998786e+00
3.188200000000000145e+00
2.180200000000000138e+00
2.667899999999998606e+00
1.808699999999999308e+00
3.140400000000000968e+00
2.000700000000000589e+00
2.532100000000000684e+00
2.869300000000000406e+00
2.450400000000000578e+00
3.048700000000000632e+00
