-1.987099999999999422e+00
-1.659099999999999353e+00
-1.885999999999999011e+00
-1.654000000000000803e+00
-1.819500000000000339e+00
-1.863500000000000600e+00
-1.126600000000001156e+00
-1.850900000000000434e+00
-1.796899999999999276e+00
-1.666399999999999437e+00
-1.873900000000000343e+00
-2.730700000000000571e+00
-1.659400000000001096e+00
-1.578299999999999370e+00
-1.785400000000000542e+00
-1.771799999999999820e+00
-1.959399999999998920e+00
-1.728899999999999881e+00
-1.703500000000000680e+00
-1.671600000000000197e+00
-1.830600000000000005e+00
-1.431799999999999518e+00
-2.563199999999999257e+00
-2.006400000000000183e+00
-9.501000000000003887e-01
-1.371900000000001674e+00
-1.406699999999999839e+00
-1.734899999999999221e+00
-1.828300000000000036e+00
-1.871300000000000630e+00
-1.912500000000000533e+00
-1.694200000000000816e+00
-2.089999999999999414e+00
-1.627800000000000136e+00
-2.063899999999998958e+00
-1.432900000000001173e+00
-1.902600000000000291e+00
-1.706300000000000594e+00
-1.751599999999999602e+00
-2.227100000000000968e+00
-2.152299999999999436e+00
-1.935199999999999143e+00
-2.003400000000000070e+00
-1.665800000000000614e+00
-2.043300000000000338e+00
-1.528499999999999748e+00
-1.872200000000000752e+00
-2.750299999999999301e+00
-1.618099999999999206e+00
-1.587800000000000988e+00
